board_Height: 10
board_Width: 15
camera_matrix:
- - 555.715735370142
  - 0.0
  - 346.7216404016699
- - 0.0
  - 555.6151962989876
  - 239.7857718290915
- - 0.0
  - 0.0
  - 1.0
dist_coeffs:
- - -0.3342237889048203
  - 0.23235110311312598
  - -0.0016514851587416134
  - 0.0003617765693851525
  - -0.11478954827236744
reprojection_error: 0.03540950118344134
rvecs:
- - - 0.08808540251699053
  - - -0.5443533529823897
  - - -2.92926382416381
- - - -0.7094115001450378
  - - 0.06461559966216922
  - - 3.027248766889747
- - - 0.7115700486014421
  - - -0.024245970869215653
  - - 2.9637371344068315
- - - 0.47698115993992546
  - - 0.04909725668110816
  - - -1.5923438465652486
- - - -0.9082899783429983
  - - 0.41759209617864207
  - - 2.875007438628071
- - - -0.11492516827491597
  - - 0.4836568829417356
  - - 3.012406598318367
- - - -0.09253650809608942
  - - 0.08385516937960132
  - - -3.125847811619914
- - - 0.8712880155660246
  - - -0.025201255893520586
  - - 2.850688891163953
- - - -0.6516619109252691
  - - 0.434223676548866
  - - 2.92219557275494
- - - -0.4182373745800502
  - - 0.10083457082184902
  - - 2.9275366815910204
- - - 0.666554338454586
  - - 0.046500831378928575
  - - 2.963503878335068
- - - -0.7233204838700106
  - - 0.5533520952278749
  - - 2.9098555324281903
- - - 0.12344754422461014
  - - -0.6432300466389239
  - - -3.0231484958672814
- - - 0.0743653855393987
  - - 0.3317020266791049
  - - 3.0052332383226346
- - - 0.7078081408306821
  - - -0.04511785771455192
  - - 2.96410528225927
- - - -0.6970230662142152
  - - 0.062248549624483535
  - - 3.0152302483502145
- - - -0.7115711345052894
  - - 0.05880856697049532
  - - 3.017270943335986
- - - 0.5617053378365974
  - - -0.004062769430308693
  - - -2.979120728609191
- - - -0.566756088130447
  - - 0.2946501545025597
  - - 2.917454706120489
- - - -0.5486962982534079
  - - 0.31992811348734856
  - - 3.0415397871422365
- - - 0.09192522019781339
  - - 0.3026066554993621
  - - 3.0232499188601736
- - - -0.5972566349118716
  - - 0.26882317526699345
  - - 2.97936702101659
- - - -0.0029602264719608994
  - - -0.46664303627200965
  - - -3.084223814787769
- - - 0.4844728629031471
  - - 0.020919139240506358
  - - -1.506765906539304
- - - 0.046601969519211583
  - - 0.3054403415648982
  - - 3.0677900394667357
- - - -0.8935790221358565
  - - 0.4034738434942842
  - - 2.874776985448389
- - - 0.15121037021981149
  - - -0.6575751145955177
  - - -2.9824437614291877
- - - -0.7635058406898935
  - - 0.4534294405494492
  - - 2.914459423628383
- - - 0.09924541992473733
  - - -0.4678020082026169
  - - -2.994706122621141
- - - 0.2260158688178985
  - - -0.1272543741297937
  - - -1.3345255666633633
- - - -0.032239869313561646
  - - 0.3014970963926328
  - - 1.7731764985119165
- - - -0.6673322217755223
  - - 0.3988990913764543
  - - 2.8590395233219725
- - - -0.8413915680333819
  - - 0.4502149387891651
  - - -2.719883879481916
- - - -0.022968576520347533
  - - -0.47972926218374334
  - - -3.031629573083582
- - - -0.026203092703255642
  - - -0.4637365591788456
  - - -3.110771226916267
- - - -0.8750263171536666
  - - 0.4247347860015076
  - - -2.729941061862859
- - - -0.2736169895810582
  - - -0.43339424980308583
  - - -2.9021864910242323
- - - -0.14156494540054942
  - - 0.19912689761017205
  - - -3.1165038292747735
- - - -0.2864225404307395
  - - 0.49775884311993357
  - - 2.9690941657834236
- - - 0.11030563077400499
  - - -0.09974456944122037
  - - 3.134503163945203
- - - -0.749856415840506
  - - -0.04207949604343108
  - - -3.0051802831673733
- - - 0.4524362573976797
  - - 0.0435350861879175
  - - -1.5885599286108434
- - - -0.033868570345727295
  - - -0.4767560321971033
  - - -2.968238543359873
- - - -0.03582435336913151
  - - -0.11140208455571114
  - - -0.08895258866081275
- - - 0.3835717075132087
  - - -0.4443992394116429
  - - -3.034397358632043
- - - 0.032474995282874036
  - - 0.3800921757303937
  - - 2.959867194735299
- - - -0.056461935291080616
  - - 0.2979222743611221
  - - 1.7626122726730693
- - - -0.8426688721662358
  - - 0.36087490425140173
  - - 2.875335955936597
- - - -0.29682414499866616
  - - 0.17685786255078065
  - - -3.1118534593513756
- - - 0.08724985421031466
  - - 0.27857033940791537
  - - 3.049317825154172
- - - -0.6101662101084918
  - - 0.34081973487022077
  - - 2.9219875773814565
- - - 0.015842553526213856
  - - 0.46894289220735186
  - - 3.0686655075914353
- - - 0.05900971855760479
  - - -0.02352957074791997
  - - -0.04801577588429389
- - - 0.037037493115037685
  - - 0.34980294412450874
  - - 1.7043591775249423
- - - -0.04201674814183021
  - - 0.2969895408677083
  - - 1.7465233261633961
- - - 0.5152714758210071
  - - -0.1740167503311184
  - - -3.0794813631818334
- - - -0.8095725217432357
  - - -0.10323977048774531
  - - -2.990784085029215
- - - -0.9220775313364975
  - - -0.0643322616723029
  - - -2.9769999282185284
- - - 0.08311443823272205
  - - -0.5809352172737048
  - - -2.998064538059415
- - - -0.9513722343051145
  - - 0.28632496004341307
  - - -2.689937000249259
- - - -0.7622871283419087
  - - 0.2017268048906727
  - - 2.850586512230568
- - - 0.10801420066831299
  - - -0.09564278417591546
  - - 3.137825519792881
- - - -0.3311229812779643
  - - 0.42687911645532145
  - - 3.0152869648730953
- - - -0.14949359653303626
  - - 0.16926366313410934
  - - -3.118042586759032
- - - -0.1960348951095192
  - - 0.562595851515038
  - - 3.012638949384762
- - - -0.5253285587333082
  - - 0.20022174501038517
  - - 2.931977032949061
- - - 0.5078141304803416
  - - 0.03235882515565582
  - - -1.5579102578442452
- - - 0.4694122495157895
  - - -0.018956756313746836
  - - -1.4926920314768457
- - - 0.207618432734268
  - - -0.22180727517256033
  - - -3.1244152896783453
- - - 0.07948139907659767
  - - 0.2398458330269756
  - - 3.0632055426165303
- - - -0.44115027137556817
  - - 0.24188854759960826
  - - 3.0270575550216416
square_Size: 0.02
tvecs:
- - - 0.10748008855533664
  - - 0.15310768774262812
  - - 0.3839097769693861
- - - 0.1523023896188937
  - - 0.10212487196985952
  - - 0.3806398806728188
- - - 0.08196822269956203
  - - 0.08530251367157336
  - - 0.2580506784385687
- - - -0.05829754630256269
  - - 0.13292601099411236
  - - 0.5222866278778228
- - - 0.033705882879361986
  - - 0.14079276124761253
  - - 0.5966057042600457
- - - 0.1317833624157167
  - - 0.10668182687988352
  - - 0.41864652706623867
- - - 0.10178921440482315
  - - 0.10069147279188911
  - - 0.2695202971584424
- - - 0.13320185985745664
  - - 0.07441047377313961
  - - 0.26119840439103864
- - - 0.14925519592057188
  - - 0.11172945840691645
  - - 0.46603105292734703
- - - 0.20568241419344097
  - - -0.007887976086134245
  - - 0.4354950045270715
- - - 0.08744467144193564
  - - 0.09330212463260606
  - - 0.256910309191222
- - - 0.11612377028530868
  - - 0.15724870798765578
  - - 0.5673982568408376
- - - 0.05031552686618691
  - - 0.1434586578360617
  - - 0.4358409290407447
- - - 0.14595188944975854
  - - 0.07101270030699648
  - - 0.41765926755595734
- - - 0.08163840585314647
  - - 0.08264591391898
  - - 0.2606603565453268
- - - 0.15855170800560398
  - - 0.09813383226863401
  - - 0.3804720335334841
- - - 0.15329875119943526
  - - 0.10067038919101301
  - - 0.380348235761609
- - - 0.17181321932977076
  - - 0.12390174693382239
  - - 0.3671338269131255
- - - 0.1578371172466765
  - - 0.04118614337513095
  - - 0.5346958797707511
- - - 0.11712705432375542
  - - 0.08876947244662257
  - - 0.3735901983455113
- - - 0.12549702871409066
  - - 0.06526750271995897
  - - 0.42492829360754475
- - - 0.13110879476938117
  - - 0.07335019358726344
  - - 0.3924834896960924
- - - 0.08226520181297937
  - - 0.12788029097551945
  - - 0.41597695853299893
- - - -0.09086562709767348
  - - 0.1032585432032187
  - - 0.49865635775866024
- - - 0.0667634797874568
  - - 0.06782998955638153
  - - 0.4332539042151705
- - - 0.046989222786424895
  - - 0.14594480872242596
  - - 0.5734166770036363
- - - -0.0017051657598248747
  - - 0.1537898182147927
  - - 0.4243398800736709
- - - 0.10364874093547892
  - - 0.15037381003764244
