board_Height: 9
board_Width: 13
camera_matrix:
- - 598.3998749817206
  - 0.0
  - 636.4302296300548
- - 0.0
  - 602.6474617210773
  - 365.6931335357535
- - 0.0
  - 0.0
  - 1.0
dist_coeffs:
- - 0.09804951630269784
  - -0.21759153091499803
  - 0.0010794269938854172
  - -0.000778961948930363
  - 0.16222893810350386
reprojection_error: 0.0226631912665163
rvecs:
- - - 0.2028937033284343
  - - 0.036169450495861385
  - - -0.006155227100473971
- - - 0.0959375887999074
  - - 0.5488761870037465
  - - -0.010331808795999774
- - - 0.06981145766235398
  - - -0.13568963889863153
  - - 0.8173200916273801
- - - -0.05987784241630066
  - - 0.08224229898236289
  - - 0.3821938534271797
- - - 0.1832565629258044
  - - -0.07249277947333584
  - - -0.007857548325578488
- - - -0.10293303284589704
  - - 0.04684825216648849
  - - -0.025738582645031205
- - - 0.2287686418084924
  - - -0.033831519617005264
  - - -0.02746937105722751
- - - 0.04687193813720176
  - - -0.004654007670574024
  - - -0.9506684122659026
- - - 0.10193828603146812
  - - -0.6553421478943112
  - - -0.062404723153135944
- - - 0.11207662277887066
  - - 0.050293981211906494
  - - -0.04693618748906614
- - - -0.0870100015249786
  - - -0.3427894721240788
  - - 3.1010919771198693
- - - 0.1371511600636543
  - - -0.10523520905800345
  - - -0.017288374351737076
- - - -0.062286625239173436
  - - -0.335676785660218
  - - 3.104284675736702
- - - 0.18692667625071127
  - - -0.055785935100429285
  - - -0.019621005395312405
- - - 0.16666910110671945
  - - -0.1815761191172763
  - - -0.07231443683727251
- - - 0.24452945254914024
  - - -0.22458729081029985
  - - -0.03346727240526501
- - - -0.09792361184951194
  - - -0.09367592897423992
  - - -0.025648713100238855
- - - -0.04629300568562423
  - - 0.06282433648977823
  - - -0.09137133162370924
- - - 0.24288111451491848
  - - -0.03748274151119243
  - - 0.01399382401076704
- - - 0.26107706285312576
  - - 0.034560819375496744
  - - 0.004983106875797175
- - - 0.17789955616838868
  - - 0.10017305924656789
  - - -0.01372974324986561
- - - 0.018681557220171608
  - - -0.544338954086705
  - - -0.10733890673288454
- - - 0.15580983918461025
  - - -0.014869013926126003
  - - 0.7302766820666985
- - - 0.19528701649972188
  - - -0.05393087477122344
  - - -0.02318724701592405
- - - 0.2016209270440107
  - - 0.0750776640146051
  - - -0.0036055181399428844
- - - -0.09934517986932828
  - - -0.13546552226206596
  - - -0.022311889185964582
- - - -0.07529133197752784
  - - 0.2108661019490112
  - - -0.018224997562853392
- - - 0.17848024763428208
  - - -0.12799885501656275
  - - -0.014866123534671056
- - - -0.012454474878401409
  - - -0.21692489969635276
  - - 0.8904965539387691
- - - -0.09312934434735862
  - - -0.22568828532370325
  - - -0.01504609976559965
- - - 0.1799309541700559
  - - -0.05953322031202585
  - - -0.010591806672956356
- - - 0.23136221770682766
  - - -0.2653393008693493
  - - -0.03741388460307955
- - - 0.2358460624255528
  - - -0.037233225064100074
  - - -0.005597646479650248
- - - 0.1808727828683127
  - - -0.06168848024385236
  - - -0.013139850177225142
- - - 0.061329683529662095
  - - -0.3239795563910188
  - - 3.102485476107228
- - - 0.06760217805626356
  - - 0.6198136486582664
  - - 0.015428278140875303
- - - -0.08513632985755103
  - - -0.24320159019029122
  - - 0.9260707090638614
- - - -0.11375675901366357
  - - 0.02045259420896511
  - - -0.07386546399570336
- - - 0.1275102655805047
  - - -0.6172953890318145
  - - -0.04309183115427726
- - - 0.038700453317517
  - - -0.1311786327217615
  - - -0.8652898179304385
- - - 0.022176351270267392
  - - 0.11742253217964205
  - - -0.9369490883007802
- - - 0.2856608236658142
  - - -0.017343627136960037
  - - 0.0012191903014705883
- - - -0.059096134060297865
  - - 0.2519729056323806
  - - -0.013127817903287542
- - - 0.0074013506258985675
  - - -0.3244751550152484
  - - 3.1149521130899496
- - - -0.0873672686692491
  - - 0.15826144169878462
  - - -0.02147098990785066
- - - 0.26389825076549256
  - - -0.031655897064080375
  - - -0.004226369855975617
- - - 0.27515231124484074
  - - -0.03838724196823595
  - - 0.030479702510647976
- - - -0.009154740204323539
  - - 0.24390994116696696
  - - -0.004130893350871064
- - - 0.05642148817117591
  - - 0.08099635827324793
  - - -0.022084775460567734
- - - -0.11909503759131998
  - - -0.15030316836233798
  - - 0.7898482147622687
- - - 0.21449243370407628
  - - 0.06796134460136384
  - - -0.0006161970182675865
- - - 0.21257141397327523
  - - -0.01685708584302551
  - - -0.015404649916162378
- - - -0.09986690993671331
  - - -0.005114463307422011
  - - -0.027777243532473336
- - - 0.03716107985048183
  - - 0.14269637879602873
  - - -0.01556464271681119
- - - 0.13958919576926768
  - - -0.5464652838307015
  - - -0.023798232856577096
- - - 0.011123030197473693
  - - 0.20331381733624768
  - - -0.007590759867772738
- - - 0.0308692149302997
  - - -0.37224548079540054
  - - -0.13654348485473783
- - - 0.11140763840373995
  - - -0.08333296444139372
  - - 0.7845477565400217
- - - -0.035613648307079845
  - - 0.2685935653236694
  - - -0.007546958872975048
- - - -0.02587731517615184
  - - -0.34414297404546496
  - - -0.0190986756597841
- - - 0.023960752992914586
  - - 0.18373833344419757
  - - -0.7648016038447103
- - - 0.2096138600085971
  - - -0.30963322228163453
  - - -0.0432280957474604
- - - 0.1524825126195353
  - - -0.11316076699993348
  - - -0.011811878982221831
- - - 0.1989350063901282
  - - 0.06392289916425586
  - - -0.005636924743850865
- - - 0.04235200814038508
  - - 0.06619175733461863
  - - -0.08006064906245443
- - - -0.2249172642256546
  - - -0.25318875279306186
  - - 0.0076462482466536
- - - -0.09834951479173969
  - - -0.04903498634399574
  - - -0.027902015416591108
- - - 0.0012577812107215417
  - - -0.23576225803379378
  - - -0.6968335879918374
- - - -0.05080879093215973
  - - -0.23018201112504522
  - - 3.114526497748576
- - - 0.12903557321714212
  - - -0.36078794374568884
  - - -0.04590032314693683
- - - -0.09917074009368418
  - - -0.17932717575607007
  - - -0.018885072279410636
- - - -0.2211410047510707
  - - -0.15981348898277575
  - - -0.011735949786389479
- - - 0.21558737405204842
  - - -0.05990537809301366
  - - -0.02209196255825709
- - - 0.30190167973986265
  - - -0.038493200727097145
  - - 0.045530653823606
- - - 0.18063915498431876
  - - 0.13670829022898137
  - - 0.38792068757539955
- - - 0.31328783628972706
  - - -0.030806083351848278
  - - 0.05062628480389904
- - - -0.09728636402396314
  - - 0.10176433945210764
  - - -0.023700514126666992
- - - 0.17761181833045953
  - - -0.34325399009533136
  - - -0.04568309776613503
- - - -0.04119207790732396
  - - -0.3065964318273307
  - - -0.4816598160509082
- - - 0.24487427868704634
  - - -0.006487031081263402
  - - 0.02284755512009465
- - - 0.22434408011270168
  - - -0.038488581258077574
  - - 0.0011114767164565253
- - - -0.11122123299495394
  - - -0.20782408994695367
  - - 0.8847688801202345
- - - 0.012956986431357623
  - - -0.45921892733926867
  - - -0.12293386933948763
- - - 0.19307927970375355
  - - -0.15339217190230697
  - - -0.03587194326542167
- - - 0.06581986965886084
  - - -0.2874825301686561
  - - -0.13377150590823636
- - - 0.08202257590769078
  - - 0.5917931390511952
  - - 0.0037327363391627616
- - - 0.2815992322720559
  - - 0.013394306862814856
  - - 0.0038535340899236367
- - - -0.5634832130700752
  - - -0.03279969980391265
  - - 3.060995865438907
- - - 0.15617565637647232
  - - 0.14098833365998673
  - - -0.007405244341319172
- - - 0.23678994449324206
  - - -0.07514222156736056
  - - -0.029889888580406886
- - - 0.030730400517861092
  - - -0.6121148625730227
  - - -0.09616232444123275
- - - 0.24445374692738087
  - - -0.17154371118783915
  - - -0.0317967246388336
- - - 0.16541710514517385
  - - 0.12355771335404322
  - - -0.009409949212665721
- - - 0.03799366738899277
  - - 0.494082144750438
  - - 0.0494832297203745
- - - -0.1182607869130522
  - - -0.0758947492282235
  - - 0.6596545803462581
- - - 0.05528951937600364
  - - 0.5830114101063628
